8983932189780223
0907883161698484
9462873740250320
3899898023629349
2294602229519458
8861113953470000
9836776931160228
3395887313881726
6653416458352062
7813535932920546
0659299380542839
1740519812135230
0071119715272492
1841338064901299
6494676052801758
9973021912226739
3909181838888305
2680368743615023
6813736989856243
7167409133883697
5194381227316437
0095921943345974
4393367734853964
9274817658247444
5136155977351408
2820064519671465
3464270581374578
4524723055652545
3656225530688946
1927611801056285
2752203627912781
8363796105361376
9558310314854271
5123602572479168
4126333722808926
4394162331037750
2939395207680085
1790423250842160
6637449134450426
7573837292080522
9089204821424223
5919189481858271
4251936710939364
2486788708871114
0281123427918307
1596629769697284
2828124381670231
0957641516282703
5320809446238024
9667295076549924
6935433850568144
7650712967257738
1781353673140920
0807511237795775
0691832345393815
6864705242341219
6965119196945931
1566076687226024
9037224811267705
9832711276496155
7188784344595649
0555619693238543
1608909918273779
9929982894313130
2794026545404598
1897790038591384
1201079310363734
5225588855422632
0400880030173624
6939518478862624
7312882427932239
1988486115879940
3341441596395463
6152592335669549
0504332643175649
4163876539828813
1982919735990024
4985266524417261
4974122990012680
5197066455731678
5834088144837137
8027605553403181
7533729699758819
6383271274098914
2609000874577720
4738829911864396
2118391660819227
1143985671114403
5322246152490489
0612005197639506
4849566723209094
8529510757160217
6321676636193625
0902980235660943
9140990601961322
9604696592563769
6766389440522985
3405503472010994
8715023255304328
5061312286412870
9350793734509585
9546302784474665
6311632162541654
7958359176708584
1426705391903947
4180557886735944
1095193209251351
3451628262694747
3005557336605080
4879977915136752
1225623517319669
0978837964647017
9249940379843542
3827553458913465
9737143632051924
4044140234487269
1435405686437314
5862330768739698
2408991231058279
0900834483461062
6344175997146758
2132614695901416
8173372566989305
5075974938483862
5197283887495170
2363575151206774
2752210156480636
7884364909927473
4438697154081039
3436095483096185
1640275970796898
3447520409510736
1096941114079527
1521815731111261
9674541381385819
8795608080185531
2846614269371078
7957606883987162
0486779090155155
1944386300029937
0084300900034108
5971556358191272
3194328548975437
0251364589832974
8251676116103188
3464961298273086
9873333807426188
0506569373440954
4366799353224249
2634324830901340
8613783361401412
4545154317245176
8525132522308309
0247990329725342
7677749608276466
3203407648310274
8252864210379656
1440063756713441
3163271519013006
8377890158420707
7154508093406987
3277487290886063
4695002674556067
7990179540941241
8590140337571249
5121623021406209
4221336619791961
1668342679815086
0854534935631310
4025767578391844
4992303457891284
0704248561279452
3439845114731223
4612726434879544
9439858291700830
3895469714548887
3724857575582110
1029501009628001
8716094042714766
9932708325371272
1357887401899097
3518240071127311
6446831084215512
0316501273540746
8886634592087842
7644756660823271
5784860269030800
0175462550826005
5446996798632062
1882712230914196
5601943285331545
9890260144844047
2668568143800755
5376253015721742
2847901878340953
1621729459222873
2784404872572914
1357467185030086
7549503749842625
9429302861177476
5147756865751360
4973949421738244
4470238215709583
6027713750942689
8059198436766378
8041675571955870
7456862604217321
6342311646947853
9112415346373126
2446301582459104
2741493492975415
6011994921961152
3062023252191532
3059520185406581
3387018530825694
8024796498483512
3090969413342098
2807107019851322
0472856771871140
3977760354511853
1467664612924239
5601388085745497
0611351138131709
2815946827655352
4481587640098813
0048790978449306
4315350764773182
0306751604362704
4640320476003795
4601263005352005
2512064355660153
1465309727421021
5461069167314414
3032638002357978
4592104393315780
2590427557264952
0260303520888425
8249534204731109
4942609302112746
5850453918340560
0330924133337698
4448540530244733
7239490390098173
7587316047810193
8251926321102019
8288593763692015
2543299534493653
5118629875846648
4383081925249086
7370796774582075
6019111128413167
0378897709136226
7752481318432762
3831909651244142
2003154270448435
5460117776241230
8416423647851683
4093653182381054
1235242182279350
0581226769296441
8649574601745121
0455487141833418
5659788852261811
3500660445763630
8020803376969953
2822582595834942
2248591013863307
5419646313109789
7716805104151473
4386203755404108
2827990228368187
2487554612123446
1403472471365221
8385259130729532
7437115504621985
4986021622366786
0125036186628507
3530189028502875
3754241050455395
3460761031788198
4575931307749163
2491891766759477
9060002746939878
0755283890960491
4877049377460293
7458287841862567
6737493567462425
4644812253875832
5712121407893132
2716794374126005
1512846862093142
9745937989094036
7273159315758953
2308920362072312
3399737720136949
1396497553199632
4090131106212286
8897396624107855
3957046121364560
7614206164174151
3979454625416654
6776569904919279
3614186131432854
9888386354516064
1123376648713853
4431183539132719
6703453792017497
6115049894755620
2860342167270413
0097703442306179
1751666562438251
4519764091092504
2381782879955327
4353928200012173
3879944876244096
7900515247220949
0535266455387139
1827829018668226
9378258073324535
9852157976516603
8431323844701530
1058846722790485
4980212853385448
9059741175310073
4031565135568125
4930762936357558
0774464575739440
6115379961132154
3165736954373606
4643608666899616
9719247117370600
1359531672303446
9237788190989316
0359360551958223
8968483294142013
2886097885953510
9770406908381251
6151383171162544
5821173105448845
8674107427300722
4742268936279649
7707799028683443
1244195230407619
6490014244112888
0163488885070864
5635983022553950
5183105830068378
3017337174053381
0471595469074043
9569228376205541
2497294331547686
3228159608138969
1538338871689655
0104124422364023
2549014594120288
5454484334693909
9499398320838094
6608329267627163
9637121030877187
9638500605562489
7291640788372419
3682660634268734
8713285339065842
1399158997660627
5472038006606979
2590620617848677
5075736089100544
2734447981764714
5632722847264046
4565732884783358
4641684220602580
8611020242763828
6966901006537721
6480934070733527
0488054917286587
2050632960242405
1830250331989097
0743793296062293
3363615000303340
8971986984647323
8758395845049687
7241769467508026
8694890749217765
9090396559596221
2934786440085983
6644335213791002
3621433615334969
4744754780165354
9931198850020140
5842794652841557
8906707362461289
8013693656320228
9217378047217370
4282224955491397
8760117075106351
0840226903480590
6377657274398145
8385283959153698
9582755594379866
7266011798625538
6208419870320644
2985658685449858
9561812825173697
1228255861618623
6692968437800167
9575037824966283
2448703093928632
7758924784164781
5845245549777383
1646629818203057
4120230814124499
0353331129592565
8948846267711214
3799501798859187
5184930755123241
0746723828973671
4984043849101331
4005898623592261
9788199690491510
6806241288652019
9474423287192932
7261645723214792
9838400375894439
3776300004312848
5048342535708224
3551809247862378
9633241446303620
0868418194409169
8250832800932125
0147487762250438
1916656954069397
0369165171803086
6875886650307656
0098763826166873
8560050240967369
1196380808351119
4105778952659349
1929225348911990
5231820584923884
1609339438630667
8517698122676145
4276956706559542
5771638576099195
0757666181169076
4737852130924504
3910450557582884
9358511568098561
1870389730408675
9160943574918408
9554285834432091
6291354144339437
2821982735490884
8717980588591239
7970272483775839
4176915322233893
5389472650673412
6347649521254709
1247721504657205
7583826391876379
6163089025212520
2604911000898464
1842905075999080
0145887238250184
1233156130663707
3887722014128939
9385929088657818
0735298552666402
4933168987096762
4956083758788367
1028151705135221
0130205470596637
5106492431042243
1448696292042915
9520477461031645
3875301617975895
6610926478721564
5317944746623265
8687196768910831
5939944067207881
1265706528850746
5851601274050374
6140266116057805
8777859677671430
8538761803577291
6039007393332552
8181318469884254
9942240121225139
3933360112881783
8377190526783442
6075905438020841
3298246411086415
6553721651836761
6253898580239376
0793627832164040
4835965044336330
8541826640843368
9613846902868406
0606173184835619
6084795630657031
5464351563900900
5434724108176150
2210356035827181
9405844293925084
6545213253559397
7494142007764616
2888641121265608
7913302545613108
2995510206880397
1497269209026542
3398239861605168
5617832076061321
3334643879272311
3493899263715892
6481363465527189
6895494761695834
6574521460964227
5878235526936399
9271998544076317
2645697837669039
9389487015938509
7750373154186324
3040587602966600
6848996939728495
4791589931798048
2097340857065853
8795680989708219
3054990742969890
8545196200418432
3448504908484605
5760364940162939
4818062789310854
0660692009750374
7197564797868150
9163015765116867
5411152684158779
7951999302081531
3000239587440812
3154345471250570
4842733764531027
0613768899914607
6414560125584607
6352083877939941
2342739419247924
9143186843657940
9904863693302949
0925150626762308
6381755382123529
2788549078021456
9615041048900531
5693860025538327
8788356220698686
7014991384513854
0572649289828640
1660070580824436
1361624597372651
7206645857721831
0120615995402345
8884890472193474
1097952760431187
5941686828835081
5973550650941724
6812158444067536
3795296650514352
2054259785006041
5068302552861597
5008996792274217
6532338737692493
1511532484752161
2917189867390921
8908026219336623
6604537320552763
1939983618921649
1183013437890631
5175924818753829
2509301929350826
6802721797900299
7310046838140771
3145198954829457
4608001746330875
9205282923078496
0513724372523279
6874649375434646
8483422808548389
0379703325940422
7396818382676736
7362842286883368
4328003866597876
7076371974874150
4882492460233977
6501574961643171
8571722708574643
5386282151810710
5377746284077362
5390541720896559
0920629723928382
8436515676441851
9876422309721833
7109472962613397
0453892715674953
2153014839354888
0649930882307115
9342041276186254
5525562330158282
2653697909924911
4164818158160492
7489482613903725
1156543919228561
0770343284012942
2368523362272656
5725021666916341
6633009717485302
5957855817378897
3909162572623711
6246567808516505
0795967777970879
5727472788265998
2469816352786812
3197500103141618
6271096128174325
9177823996895375
6195215666638965
7438076121387151
5447376166964411
4986772455989962
5920220519650965
6034522313829097
5898801580033554
5144730275745518
0350208006499503
8626964624628522
3268732497595112
9783292465422902
2708367680798139
2966913210268454
8577312109146354
6732940162423405
5391801774050611
6694205854000137
8035602440803719
4783565791787812
7870111209439581
6289602045034353
3937502490683382
6262051397848744
9404945858555096
5943634209341438
1542351302502326
5117568495536090
5297252436860003
1254338144161360
0534822491953359
9950879952262717
9075418972296296
7119433066704111
6045470959652684
0865997296771785
5936682335701497
9902619084565293
8573711116569707
0414774970277777
4951846457502161
4616202382103338
4986614168117334
5810209465098759
6834721627529385
9414212573217453
8683914780987242
6614550860293610
7541486051032916
8227588963910433
7879595143050087
9783560852644016
2749773427704993
1508015681115848
7186044389471530
2787038908575326
7205705989244804
2204147669620762
5368167403557640
3521622923263530
0702597410295726
2968564981079442
9020007815886406
0232988306987805
2327252294819099
4418446095942420
6655678628223949
7454923215447636
9757700004633160
2787827495769375
9451161055016934
5142426481528206
6320646681995247
7733681743453751
1320324289662918
4045818083957064
6883746812553781
6608582057810385
9199970180870105
6985892121344767
0487231065057783
8684549377565696
7119477874134821
4075688424083407
5815607228657970
6444798527221795
0598828216648683
4967240163248619
4223020694433271
9906166020816798
3691742159298316
9141140064456296
9314744999783676
6187221670775160
2999453247853080
2920005922426876
1734032782594771
0188685041571480
0898459356361957
4993914550234923
1780902767520967
9600140904712115
7136731280562188
1670816922219129
6802508689972103
4038730280834132
1342924024681635
4519016123693631
1272997735344283
4887951408965561
3793156690673506
0561643838450805
4904489502853690
6947551604323520
7973706384467274
1732432475089669
9398810362952245
4008970012663480
6173255299874918
0140365057016044
1844463012703650
4979536048261282
6144428536509111
3693296350551971
8594325955153756
1879817973802031
7909976127880843
5234033191054309
9516359108766806
2559831423675255
6499108085922209
0698164500481055
1414144663149679
5539725123736590
8133660776746187
3690696890351902
9000707436266859
7844006017790571
6667274456249301
8130520066599912
4054756781423727
9884980518986225
2002515486942024
3593420323268103
5219735119295290
6847110694951429
0721071524157651
0069989873499216
0882497234989588
4727357182510680
5467911363217164
9622051867672434
8143823413993024
4658545839496086
3865660008588988
0988994019537246
3537707069694606
3059324458238110
1313385414995585
9936034232663152
0866205347972203
2855716620920623
8321013081371965
1220553574304474
0990344839864230
4851786390961391
8444332296327124
1424808046858622
7151669913805328
1458307550844901
6754464380129137
6140115232418895
2332327416299928
6824400602221355
0102488447573085
6135151156109356
8807333466702951
7220811019296480
7065615446493390
5199789743673693
7955837132687218
3640497501056163
1841965052260924
3614256141054800
7794093582671639
5777705137810019
4234623363518888
7179691582151907
5775431994199579
1113236581294532
8158963767870649
1001172700194924
7320090199496500
5801731850423324
3572375884177951
0215182355755221
1834856723867705
1946315322575953
2887736963561252
9941006054872205
6368942682378417
1354871864610613
3138211440230015
9347760158370905
8588117212005149
7510695960610447
3958238119785924
8265854560095874
3431795837830476
9790693300026949
6751483750025926
5558354805733623
8055796489225138
2507333666306110
3054875168089226
8721187139726277
5494044239483364
1861719424612392
4646114975554537
6841185662777161
3158303689784382
6334847644105045
2139814271237417
6304377549101792
3671776516613425
5782887287137603
5088238300241110
7281746801238526
8407354545744277
0131770792108992
8529032048850930
7514074129301673
1398733763837178
6011676599306434
4332944687727598
3720386139686468
9039182932747194
9553770402705512
9426650405097319
6266546896929217
3712938361989698
9129748440846907
7532050172035129
0296622203426132
2692541273950450
4582408199121884
7111526592323456
4534936707754253
4384914116033913
7094932502443475
0005349558315095
9781996852701770
9591256136167135
9242867616608986
6871006250321522
8691314378381640
2183709942839032
4108398403192996
6200743168568684
0362417828475021
4495269939725770
3286329883412205
8098209307634371
5546692436888264
5433967267727516
3559042497669898
1559292514654215
5297074319265251
8420771612707965
3528633359332021
2751239628595747
4637772374064396
0814717344017544
0438695263897215
8994178236264483
4451540730749377
6287385590475445
5416099300504556
0065931835203045
8664169441117482
6185519785664724
0268732896111424
2582456631204400
7626416403074455
5279288859073700
1231141260610815
5189181174191518
8734341450513549
1972531466861737
2139053814879312
9830590737740134
4616848792501359
3728312501032061
7856968264410259
7491976072797902
5996993884846655
5899392002875573
8513145553846486
0632045091074618
6049960144667044
5067382475630761
4711374324516507
8705873746227963
0611031507120144
0348490713417429
1952937182023132
1423810014480514
4036932351063584
2522777418118689
9064196799520278
2945278651389111
1565296529736448
7214791464543522
2248193157231211
0853074551999988
1129100746134234
0716671149414702
1047122596139990
4597216569899545
3737395828552021
4936370324386031
8077591135604655
6577023148879863
5726947194230379
4218593188956443
0878410768350416
5254594324060962
0240551533292579
2872064505456567
8979575031016933
8501956419094089
9175591364526313
2537709612833688
1425457857618919
3534918669459073
0412577035083946
3763390337091127
4364303980383808
0192085115595443
8994105119758487
1097468139544018
1092296906422727
4416858554787169
8337454058604654
5029700010533047
1689147340536405
8386258458220683
3059640410928425
0372650483087124
5901564732655853
9578832375902806
1484702906945243
2459050725301964
9604735363839730
5337976093923686
6699185881827288
2484471713795378
6022637170344999
9521646119786469
8544491643812450
0556459512101837
7458912640231220
9945289519054859
5082419783043736
3828516997275196
1048894906476420
3300753172279436
3794241680729178
4193860852876287
7038932501308861
6932497213743411
4109516731400241
0980251645662987
7195702087655314
1819885343207968
3699761587483592
3253111428517672
4499928813481251
7115792628126490
6903922865972561
3273726134990776
8607171759049558
8564827764187148
8269779905235226
2126584242026703
8119785638200345
2591569074965536
4109110009789771
5979862734558983
0453754730316303
0646901524303065
3373541964910904
3728820959678712
7319201804384288
0625922822611048
9171815778534257
4189604454431782
4092412037479077
8066370508832550
5011119718693303
1240066145518940
6082948468501249
4297695725568502
4584896935221260
9314029648579658
6876234739101371
7471111924336519
7207626266770213
2205696000045218
4235825596747458
1608062196337851
3083628377406351
6750115087374323
0926213060635986
1756952696097255
0300141044144026
3756351374552378
7817033448036400
1551165098428375
4748551071146032
4584747419373688
0858482819476716
3762670242328435
9562890319093965
6834497622047154
8207954538307988
6352224173110416
0620986273710878
8598262641668520
7454736736043931
0422812885426756
4512658167877638
2507980325174728
5741927083446578
2202679279260042
0535211732373749
4093722871814514
2259041691301555
4915659948263445
5035762125459415
0523104569378276
7982148962089986
7708021019524305
4143125414022416
7029133375366014
4438914190540949
7278634019537967
9183721973235194
0400232298849115
8217702624720312
8908009613435024
6261175351521953
4746488333257798
4729615604294036
4507073071352893
9383290036853173
4654226726267340
5548205054206839
1371199678541174
2147157840592913
5823833138653545
6078945717558464
5480560533258943
3457219624656691
6874544707185541
9763065820419680
1682925222063297
1765721612533942
4720333397291573
2919125967043242
5487485901076598
8867164774240536
2712574018120569
1251013053012882
6414738466336890
2470886018729411
5378961528259963
3748260693106586
0577264623261591
7271887512757562
1679486689581930
7407058401863661
0994187406222820
5241746963403143
0833253899619895
3890637218937581
0532686872124118
9935354654905236
9923270028346687
0807811991821629
3785426518998830
6710144245596859
1750385790843118
8275326076771841
7292694995543789
0528154281423964
1278004515460973
4574012902041584
0306766365983082
7542338901767495
0216229039021964
2910183324330182
1838086786793758
9016360553400035
0659658820912418
7776890123414656
8167265341219263
4962820320879891
3549648389944031
6454154048263145
7133274936570173
1920411639358905
1745038503462998
9826026025118073
3499616508280892
2046970162506930
4281319177692811
8231236078666150
2900995280822495
1257131701222446
9511234560141062
8872833064252062
8094245998438335
7279612728721005
5620359266790501
0756373063566786
5724567591998546
6660127471891321
1010810293243435
2234040548103596
3841441176161322
6505039023842313
8265116967095452
8408262156304669
4877014713114260
1420784392366957
6034405930958244
5220540043911446
8466420403941522
9411400439288461
2436767709775022
7456965271600813
5872119613051645
6534637358360971
3752298390911021
7012140809519038
5401660213198750
9402272133670888
5141929962403500
5575237386798588
5953076413314506
6032273849847285
7862253799240671
8951163088992771
5641112041037627
0483707899231728
1162538732000822
0010659969702455
6408321790990372
2423076793452662
0841425239502177
5041497500746910
7315592683569670
8826584877205264
5777010848661813
1415781875529432
4099700446922080
0573662728816861
4462292447937016
1805233602070841
4465619366143200
4166922845507601
8946715881289701
0211300683784278
6355224981962273
2844974351441051
6374279398246756
3776948564582273
4922142296922435
9300936571715992
0821562324429813
9943003955628885
5792248901353552
9742028115892992
5660469902738038
5417946704251656
7109611749276343
3181695167717042
7124527215517591
0483602747631661
7853125713114677
2729979018100977
4635320220484649
9756167788721062
0557976975338451
5369672706522008
9612704468357790
4436183480921146
4220236737158909
8647239680081745
1777506255712474
3309342336039521
2130649789772469
0644408634493034
3527197809276361
4933326132948063
2098623262892719
4440731926425760
2877999888491315
9727123750824948
4796921913434370
8836256533308837
4245038207639425
5948590274082247
5523293886612004
6799776599317117
4192845106907956
5998785809434157
9433123288261141
2985003469291138
3867718775277531
0608337674042057
5084369711458416
8869840348353359
9549706714935542
6412853511887386
4863727818159643
7465148175791735
8496058927371924
7690113652451604
2495918356675019
4155051332618408
5723385125570881
9174573815394512
2212288622038633
1490220147133263
5251389003736909
3392035824905803
5569130658313238
2186205043909317
4236547705343649
0638632787682079
0758877444698557
8903183021436431
9300734296482577
5741410875148861
5203792575176289
7924553462118511
1512717941866097
1952072482347004
7085832229021609
1006840153853655
7227955029154651
9395715443254344
0202371748669764
3524590211304012
0911364223406030
1190759512397526
6272042260483411
8633160104487034
0481478169272902
2026295360734357
7280159257989330
9034619048623647
8382158780043575
4610098557429398
9032198192954149
4254001833729264
5358851504202129
8486882484125774
1304174767727101
3091123485499725
7828441075514905
2177467029991118
5746822816259454
2551085349539643
8353864553155793
0593414319480487
4347965302097614
0283937076114434
3452982259415951
1039996010768964
5554254760869075
4480334653242457
2546837031616846
6544098578171957
2704717555047499
4117373032501782
7026313596468626
7601016626256808
1972734433460838
4589262718627942
7939385198461157
6428800770934048
2007065934836962
3010497094377497
7059889907219020
4456007001373501
6409098857440437
2607811863279622
6094793991932450
9840346055970503
7902070751612416
1132672107627968
6256415635292987
5519687175393434
6331835838649652
9274887847308980
0379304660057174
2951269593210008
0577503698179302
7947423722511295
3572434390881704
7541399131195077
2017770059745262
8964123297688432
2162574207370950
5888897744222998
7690593698223418
4603597208153007
5604719921386043
5545891505433768
7536988783793885
8132074356628564
4194801952934254
7984455205688904
3722586963728305
3867942762661182
3283691152621834
9289080285504453
3589012014320121
7082447037374118
1688136556728644
5568681374094860
6218967777630412
8548608291351316
3446817929796674
5300435085221378
7189857417959804
6405951782839858
2968055170351130
7513273791082090
3575559872183767
1149542159006335
8992362063539452
5627556088346425
6609568015287399
7101881357139219
0427387583450747
5486578243421803
4585719152284650
8018788492846096
2984888073123287
1141780402031699
8599181647215929
4808440233209979
9093331241572944
8512085741397097
9063837162469343
9716092379282146
9305196015266298
8460861175344306
8839646082565060
9864625936218072
1980219310993467
9271885452744905
6234141909588262
0033981436042117
1544604888519188
5205533032581356
2509766431540422
8456023041589649
0201367515815381
5961983097177442
5285476213900200
6970175851174735
9396403739008267
8382221522817502
3790201696145434
9264617752964635
2263553634422386
2705188802670538
7078327363232474
8032993126633250
0290950513716961
3034950214458518
6695382764766281
3133881226791259
9854634275938452
2225528533942372
6148546666142551
5470469752550438
1647118503085126
0427692772445368
2240951178648368
0479784808667103
3564195176994261
2153962690732683
1154078371182103
0029233355476625
1386464075867571
5337565921995591
6281644588548940
0625140430173288
6390018491925933
2046981671187343
5948037269019531
4579233785116823
3755692723547807
9830819801249558
0368311142108150
8172124241767828
6840478133476887
6878718102770367
8366112479020867
3699892841059441
5971351057949885
2272353185945116
0985488148768235
2332604239081900
2390690281230643
1967806680644977
2634254790193199
3222713249758458
5009392667450875
0490351544174740
5536700387555623
5914651754517864
8031012573259361
1429326310775024
2931270888717344
6228227125338610
1910309344538817
1779018936618060
8808884844055224
7851650523179414
6350043279210590
9283304583756076
7080590204832262
3620084512865554
9602002760041175
5011370918857999
7925449690046513
9014616733186520
3553487130003978
5098313138514050
5877415967509579
5138799833042314
6560346309368052
0241862487783754
5258150848273682
8358219976594707
9576713124661835
3145331081780004
4061946080136286
9046854525436944
4230260717556147
9340343036686762
2854771102810220
2845950448235863
1868960602254610
0695715138731741
1825502153580661
6918010504362643
9458496222461501
9826346918182685
8443563462309878
1531971102610447
3386409577930822
5174723144800716
2288623413125339
2204086299921323
4793072701914550
3914159735707328
2080791630485427
6265936760089757
4694142315497364
4802548698016081
2562652838103607
6852348890045723
3030047284254233
4022950700003347
4010781324120944
6456667887502521
8164403687403639
6438645213502821
1357144230331120
8130292521370915
6758424820066305
2808213902627406
7285935215651168
7099151449971406
4596111202208863
0054098292730720
7879026373930318
0401470121643212
8800859024101679
8522089151904453
4973731190814126
2502796658601825
0926018459123736
4864054308358026
3675858428545219
3864440795364252
9222024053983021
7514884760338859
5202429302236084
7137178343756327
6386911614990832
3575273076267374
8526960535874806
2302314954133011
0133757419649661
6736358221140969
8598484164048317
5370222318394867
6036361945926990
8086324432194233
1104157433492666
2523715806470871
8771587306163921
9715414576652583
7224632538552385
4520293519781462
1781254939281428
9263224550858823
2721053239592051
5111916887378777
3847692220708299
1018418114348974
3321577431881283
2410539914660866
9733090611396955
8763487086911020
8661248119285296
4903908392101557
0851148137941240
6682919653508224
6296363436468330
6321179168854922
9337143918677200
5521922960404236
8181104476035846
3166390632199101
4590897656445233
3603496659156120
3978299887398475
7078737101024368
5748979136074637
5117339495064254
4414718560764818
0462549482032704
5368680512020633
6747136646016870
8685431534934812
4579376264162079
3563923906851611
6347743344931103
1641673656667170
8390665307472965
3560505262283874
5171924915397166
0837336907399333
3084134533707587
0189095897739979
2971250918247087
9526809466920084
4148896613580056
2844330252316513
4599170539959463
0813823100105934
5134289687536724
4783303936149244
9749585288939624
4602221579308599
1237732688247222
6809743774407662
4222504207805706
0187018118567986
7500979195469357
3185627819021012
6530357704064110
0060120644445370
9045199822095908
9431229866203038
0268728255033469
7992586996463223
2836330743442081
1242958766761516
3355338790654065
6820830740393500
3503233632044163
0802023762311924
4186515742605446
7561791813071961
6613487636748832
6378801493656275
9385561556243194
6904676677900593
1507369025671110
9262132256691648
5205741481605855
9417286617377998
2523534885788994
5885575084085406
7802814360038820
9853587838713229
2991281565518934
2762374760685577
7805432023782520
9092587237114334
9173006904247471
6533801740375459
4602196835460192
5908699791494075
9343723106084822
8922901056006734
2443304092293827
3742302894743620
6413917211782026
3041686206689904
5644676140910061
3333575573027236
3697205933296303
0704592200063682
6506973801068764
1812805997541734
1744732999336375
4935788335854516
5111623148244343
4627360041573918
3174379270045864
9628405562792982
1789677069372972
8895634496108399
1531713258988427
3762855185207010
7606159905559544
1476916621672594